{
  "1": {
    "cam_K": [
      [
        1429.1852897390465,
        0.0,
        977.0425291412042
      ],
      [
        0.0,
        1435.274462851161,
        543.5870281084453
      ],
      [
        0.0,
        0.0,
        1.0
      ]
    ],
    "depth_scale": 1,
    "cam_R_w2c": [
      -0.009420473533309468,
      0.9999487310762126,
      -0.003714776086488441,
      0.999819948265485,
      0.00948032463171866,
      0.016437782266651952,
      0.016472155713416904,
      -0.0035592503064483146,
      -0.9998579863443292
    ],
    "cam_t_w2c": [
      -598.1404948662163,
      -36.36067364125296,
      380.69985983455655
    ]
  },
  "2": {
    "cam_K": [
      [
        1415.1207600904063,
        0.0,
        969.0317075291746
      ],
      [
        0.0,
        1424.6133036516164,
        548.5843257919785
      ],
      [
        0.0,
        0.0,
        1.0
      ]
    ],
    "depth_scale": 1,
    "cam_R_w2c": [
      -0.03184093685267992,
      0.9961535296965193,
      0.08163522326423911,
      0.9988957205167193,
      0.028892467956304763,
      0.03704822558967784,
      0.034547076206704594,
      0.08272472958810495,
      -0.9959734492812902
    ],
    "cam_t_w2c": [
      -718.6540005541154,
      -54.098626822967816,
      401.8167361260216
    ]
  },
  "3": {
    "cam_K": [
      [
        2111.7545934678865,
        0.0,
        1912.6446092068736
      ],
      [
        0.0,
        2110.121816063188,
        1108.7622578230528
      ],
      [
        0.0,
        0.0,
        1.0
      ]
    ],
    "depth_scale": 0.1,
    "cam_R_w2c": [
      -0.02716792362205534,
      0.9963224903038997,
      0.08126136169542345,
      0.9992654931888898,
      0.024870347726068182,
      0.029153835365439095,
      0.02702562222979095,
      0.08199372807144927,
      -0.9962663485901577
    ],
    "cam_t_w2c": [
      -669.624574493468,
      -6.0132066838466445,
      454.70289581826984
    ]
  },
  "4": {
    "cam_K": [
      [
        2789.760446808816,
        0.0,
        951.9569376586062
      ],
      [
        0.0,
        2792.540885096279,
        595.5559842401404
      ],
      [
        0.0,
        0.0,
        1.0
      ]
    ],
    "depth_scale": 0.1,
    "cam_R_w2c": [
      -0.01654993953974185,
      0.9997867316460447,
      0.012353153024358365,
      0.9996815956056168,
      0.016310308706608063,
      0.019253244606270217,
      0.01904765360372904,
      0.012667864803875791,
      -0.9997383183246659
    ],
    "cam_t_w2c": [
      -627.7157908073094,
      -4.74882871388219,
      413.4697139333737
    ]
  },
  "5": {
    "cam_K": [
      [
        1403.8768002332508,
        0.0,
        979.7407343543288
      ],
      [
        0.0,
        1408.6953061316951,
        543.5206016619927
      ],
      [
        0.0,
        0.0,
        1.0
      ]
    ],
    "depth_scale": 1,
    "cam_R_w2c": [
      -0.009391338587474839,
      0.9999514154175023,
      -0.0029965299022355237,
      0.9848736525495468,
      0.00976814941342978,
      0.17299849105863527,
      0.1730193557306739,
      -0.0013265109514670678,
      -0.9849175275288923
    ],
    "cam_t_w2c": [
      -595.5194006751057,
      -177.3221599948029,
      215.50079614153913
    ]
  },
  "6": {
    "cam_K": [
      [
        1393.7465402765408,
        0.0,
        966.3952911133694
      ],
      [
        0.0,
        1398.2315758062161,
        548.4253567958308
      ],
      [
        0.0,
        0.0,
        1.0
      ]
    ],
    "depth_scale": 1,
    "cam_R_w2c": [
      -0.030497711761302986,
      0.996189724524831,
      0.08170637646996438,
      0.9822818803479741,
      0.014748483655629138,
      0.18682825243447965,
      0.1849113391053335,
      0.0859565312997601,
      -0.978988899078827
    ],
    "cam_t_w2c": [
      -714.517684033337,
      -195.7239925232934,
      235.56128527805424
    ]
  },
  "7": {
    "cam_K": [
      [
        1995.7180780455624,
        0.0,
        1912.5487726072251
      ],
      [
        0.0,
        1995.823551026432,
        1104.7043021909708
      ],
      [
        0.0,
        0.0,
        1.0
      ]
    ],
    "depth_scale": 0.1,
    "cam_R_w2c": [
      -0.026324242758705298,
      0.9955334849297639,
      0.09066490089426013,
      0.9817962593842432,
      0.008681181219650684,
      0.18973863151597067,
      0.18810408154507494,
      0.09400919024323973,
      -0.9776395653707363
    ],
    "cam_t_w2c": [
      -672.8387833086853,
      -157.03663396604586,
      248.93563812930458
    ]
  },
  "8": {
    "cam_K": [
      [
        2789.760446808816,
        0.0,
        951.9569376586062
      ],
      [
        0.0,
        2792.540885096279,
        595.5559842401404
      ],
      [
        0.0,
        0.0,
        1.0
      ]
    ],
    "depth_scale": 0.1,
    "cam_R_w2c": [
      -0.016105980619993448,
      0.9997468711781694,
      0.015709888131843913,
      0.9845008977724632,
      0.013112187212313569,
      0.1748887045224393,
      0.17463844328400396,
      0.01828315783006624,
      -0.9844628654192543
    ],
    "cam_t_w2c": [
      -627.8339758123773,
      -154.95607785951785,
      268.90807367984854
    ]
  },
  "9": {
    "cam_K": [
      [
        1403.8768002332508,
        0.0,
        979.7407343543288
      ],
      [
        0.0,
        1408.6953061316951,
        543.5206016619927
      ],
      [
        0.0,
        0.0,
        1.0
      ]
    ],
    "depth_scale": 1,
    "cam_R_w2c": [
      -0.007229422901219013,
      0.9894645936579047,
      0.14459447098336536,
      0.9997946803485822,
      0.004414868539603275,
      0.019776559179921348,
      0.018929838215422726,
      0.14470776201103874,
      -0.989293343664495
    ],
    "cam_t_w2c": [
      -737.5129837451844,
      -32.95504748839845,
      219.64844142075717
    ]
  },
  "10": {
    "cam_K": [
      [
        1393.7465402765408,
        0.0,
        966.3952911133694
      ],
      [
        0.0,
        1398.2315758062161,
        548.4253567958308
      ],
      [
        0.0,
        0.0,
        1.0
      ]
    ],
    "depth_scale": 1,
    "cam_R_w2c": [
      -0.03026517238937267,
      0.9728757627285421,
      0.22933987296727443,
      0.9990981118248977,
      0.022608123175453434,
      0.0359422025612091,
      0.029782352063506823,
      0.23022083605621102,
      -0.9726825654503769
    ],
    "cam_t_w2c": [
      -859.3585100167318,
      -49.10364426785362,
      224.27941789795887
    ]
  },
  "11": {
    "cam_K": [
      [
        1995.7180780455624,
        0.0,
        1912.5487726072251
      ],
      [
        0.0,
        1995.823551026432,
        1104.7043021909708
      ],
      [
        0.0,
        0.0,
        1.0
      ]
    ],
    "depth_scale": 0.1,
    "cam_R_w2c": [
      -0.02629078285082608,
      0.9710749263423892,
      0.23732317599269712,
      0.9992737143967971,
      0.018978710983758126,
      0.03304328154960333,
      0.027583412709953035,
      0.23801955029506955,
      -0.9708686028503484
    ],
    "cam_t_w2c": [
      -818.3190554789653,
      -4.232874055229255,
      236.7889939645872
    ]
  },
  "12": {
    "cam_K": [
      [
        2789.760446808816,
        0.0,
        951.9569376586062
      ],
      [
        0.0,
        2792.540885096279,
        595.5559842401404
      ],
      [
        0.0,
        0.0,
        1.0
      ]
    ],
    "depth_scale": 0.1,
    "cam_R_w2c": [
      -0.01436637743728702,
      0.9862417899532882,
      0.16468377772601184,
      0.9997047748312065,
      0.01093976371950232,
      0.0216954133399466,
      0.01959532031344085,
      0.1649468492083331,
      -0.9861077807917545
    ],
    "cam_t_w2c": [
      -777.7131247524168,
      -2.680606458608407,
      263.98205347958435
    ]
  },
  "13": {
    "cam_K": [
      [
        1403.8768002332508,
        0.0,
        979.7407343543288
      ],
      [
        0.0,
        1408.6953061316951,
        543.5206016619927
      ],
      [
        0.0,
        0.0,
        1.0
      ]
    ],
    "depth_scale": 1,
    "cam_R_w2c": [
      -0.008233692169494048,
      0.9999371466631709,
      -0.0076104330704955345,
      0.9913744027829167,
      0.007167188466518334,
      -0.1308641684159955,
      -0.13080139909656271,
      -0.00862227837807221,
      -0.9913710929230736
    ],
    "cam_t_w2c": [
      -595.0258196935195,
      110.45118035451857,
      225.0381990818936
    ]
  },
  "14": {
    "cam_K": [
      [
        1393.7465402765408,
        0.0,
        966.3952911133694
      ],
      [
        0.0,
        1398.2315758062161,
        548.4253567958308
      ],
      [
        0.0,
        0.0,
        1.0
      ]
    ],
    "depth_scale": 1,
    "cam_R_w2c": [
      -0.029584764565523034,
      0.9965496904061966,
      0.07754654029718334,
      0.9927472964890238,
      0.038338350343757474,
      -0.11394288861338817,
      -0.11652275841343837,
      0.07361314914192803,
      -0.9904562305415966
    ],
    "cam_t_w2c": [
      -714.2114030388756,
      97.41643643020997,
      251.0768013379102
    ]
  },
  "15": {
    "cam_K": [
      [
        1995.7180780455624,
        0.0,
        1912.5487726072251
      ],
      [
        0.0,
        1995.823551026432,
        1104.7043021909708
      ],
      [
        0.0,
        0.0,
        1.0
      ]
    ],
    "depth_scale": 0.1,
    "cam_R_w2c": [
      -0.026133278817949197,
      0.995737070809663,
      0.08845760119267149,
      0.9924117092635858,
      0.03647751762523756,
      -0.11742399960543629,
      -0.12015014466950842,
      0.0847176893987603,
      -0.9891343940094127
    ],
    "cam_t_w2c": [
      -673.9011544197335,
      143.7047382444909,
      250.62463268897022
    ]
  },
  "16": {
    "cam_K": [
      [
        2789.760446808816,
        0.0,
        951.9569376586062
      ],
      [
        0.0,
        2792.540885096279,
        595.5559842401404
      ],
      [
        0.0,
        0.0,
        1.0
      ]
    ],
    "depth_scale": 0.1,
    "cam_R_w2c": [
      -0.015069946463773458,
      0.9998044586555616,
      0.012804328220761973,
      0.9916109583378075,
      0.016588147399808486,
      -0.12818949383286518,
      -0.128376828972826,
      0.01076510857217782,
      -0.9916670286915098
    ],
    "cam_t_w2c": [
      -628.4667444932062,
      147.3471462916339,
      270.62567275906326
    ]
  },
  "17": {
    "cam_K": [
      [
        1403.8768002332508,
        0.0,
        979.7407343543288
      ],
      [
        0.0,
        1408.6953061316951,
        543.5206016619927
      ],
      [
        0.0,
        0.0,
        1.0
      ]
    ],
    "depth_scale": 1,
    "cam_R_w2c": [
      -0.009741460442083322,
      0.9875728259439734,
      -0.1568599000399424,
      0.9997659830194303,
      0.012649179714269399,
      0.017549462565624525,
      0.0193155205591637,
      -0.15665223031297928,
      -0.9874649266021698
    ],
    "cam_t_w2c": [
      -450.9046763503246,
      -30.518995564058763,
      220.22372043440907
    ]
  },
  "18": {
    "cam_K": [
      [
        1393.7465402765408,
        0.0,
        966.3952911133694
      ],
      [
        0.0,
        1398.2315758062161,
        548.4253567958308
      ],
      [
        0.0,
        0.0,
        1.0
      ]
    ],
    "depth_scale": 1,
    "cam_R_w2c": [
      -0.0288465292974515,
      0.9970882148840485,
      -0.0705902282322702,
      0.9988555124298393,
      0.03144891803109364,
      0.036036606801837845,
      0.038151661117329594,
      -0.06946990419164492,
      -0.9968542396115507
    ],
    "cam_t_w2c": [
      -566.8971726312153,
      -49.130196383365615,
      260.69707242824825
    ]
  },
  "19": {
    "cam_K": [
      [
        1995.7180780455624,
        0.0,
        1912.5487726072251
      ],
      [
        0.0,
        1995.823551026432,
        1104.7043021909708
      ],
      [
        0.0,
        0.0,
        1.0
      ]
    ],
    "depth_scale": 0.1,
    "cam_R_w2c": [
      -0.02405456810499845,
      0.9977732671366829,
      -0.06220848797168188,
      0.9991448434656489,
      0.026087634625172103,
      0.03207839276306862,
      0.033629833994606,
      -0.06138365482221253,
      -0.9975475292195825
    ],
    "cam_t_w2c": [
      -524.1868280765123,
      -2.5730173941035956,
      263.1769641032798
    ]
  },
  "20": {
    "cam_K": [
      [
        2789.760446808816,
        0.0,
        951.9569376586062
      ],
      [
        0.0,
        2792.540885096279,
        595.5559842401404
      ],
      [
        0.0,
        0.0,
        1.0
      ]
    ],
    "depth_scale": 0.1,
    "cam_R_w2c": [
      -0.01590398121656937,
      0.9904791023547663,
      -0.1367414422002727,
      0.9995812527224253,
      0.019056389165158734,
      0.021775661286099344,
      0.024174134658743147,
      -0.13633785818602343,
      -0.9903674022829505
    ],
    "cam_t_w2c": [
      -476.8151007916531,
      -2.119063053436394,
      275.1098043734057
    ]
  },
  "21": {
    "cam_K": [
      [
        1403.8768002332508,
        0.0,
        979.7407343543288
      ],
      [
        0.0,
        1408.6953061316951,
        543.5206016619927
      ],
      [
        0.0,
        0.0,
        1.0
      ]
    ],
    "depth_scale": 1,
    "cam_R_w2c": [
      -0.010447236175005089,
      0.9694841723263211,
      -0.24493122711111,
      0.9997343167003786,
      0.015159864513985596,
      0.017363199593941264,
      0.02054647072449152,
      -0.2446847517479613,
      -0.9693849629330421
    ],
    "cam_t_w2c": [
      -396.8143599039268,
      -28.5222466109149,
      161.8445603794611
    ]
  },
  "22": {
    "cam_K": [
      [
        1393.7465402765408,
        0.0,
        966.3952911133694
      ],
      [
        0.0,
        1398.2315758062161,
        548.4253567958308
      ],
      [
        0.0,
        0.0,
        1.0
      ]
    ],
    "depth_scale": 1,
    "cam_R_w2c": [
      -0.026411246628999154,
      0.9857367632447611,
      -0.16620917781021155,
      0.9987446646791558,
      0.03309918167338845,
      0.037597142551889395,
      0.04256227240374083,
      -0.16500753939798718,
      -0.9853735111456674
    ],
    "cam_t_w2c": [
      -503.61739517143167,
      -48.26024534977349,
      213.15063450396718
    ]
  },
  "23": {
    "cam_K": [
      [
        1995.7180780455624,
        0.0,
        1912.5487726072251
      ],
      [
        0.0,
        1995.823551026432,
        1104.7043021909708
      ],
      [
        0.0,
        0.0,
        1.0
      ]
    ],
    "depth_scale": 0.1,
    "cam_R_w2c": [
      -0.02288004504397522,
      0.9869112238325786,
      -0.1596331762547213,
      0.999091758311974,
      0.028313177240968414,
      0.03184381648300985,
      0.03594674142226077,
      -0.1587596001153479,
      -0.9866626640905315
    ],
    "cam_t_w2c": [
      -459.6260386389279,
      -0.682447987133824,
      210.98877853563147
    ]
  },
  "24": {
    "cam_K": [
      [
        2789.760446808816,
        0.0,
        951.9569376586062
      ],
      [
        0.0,
        2792.540885096279,
        595.5559842401404
      ],
      [
        0.0,
        0.0,
        1.0
      ]
    ],
    "depth_scale": 0.1,
    "cam_R_w2c": [
      -0.01562694950838453,
      0.9726887523985156,
      -0.2315867020266585,
      0.9995242591866811,
      0.021356169361750124,
      0.022252539363024588,
      0.026590598818924463,
      -0.2311287838671121,
      -0.9725597240686301
    ],
    "cam_t_w2c": [
      -412.64007209456804,
      -0.6231696276857903,
      218.10188032888647
    ]
  },
  "25": {
    "cam_K": [
      [
        1403.8768002332508,
        0.0,
        979.7407343543288
      ],
      [
        0.0,
        1408.6953061316951,
        543.5206016619927
      ],
      [
        0.0,
        0.0,
        1.0
      ]
    ],
    "depth_scale": 1,
    "cam_R_w2c": [
      -0.011765858707256148,
      0.9692984095451054,
      -0.24560571852963906,
      0.9620517273031282,
      0.07793802959187587,
      0.26149979541761587,
      0.2726133612729742,
      -0.23320863273828876,
      -0.9334322048976472
    ],
    "cam_t_w2c": [
      -452.7798069301023,
      -177.05751747850053,
      152.5104986629445
    ]
  },
  "26": {
    "cam_K": [
      [
        1393.7465402765408,
        0.0,
        966.3952911133694
      ],
      [
        0.0,
        1398.2315758062161,
        548.4253567958308
      ],
      [
        0.0,
        0.0,
        1.0
      ]
    ],
    "depth_scale": 1,
    "cam_R_w2c": [
      -0.029796285219672,
      0.9862015447055756,
      -0.16284565010983523,
      0.9570236639350476,
      0.075165926299839,
      0.2800996173843789,
      0.2884751189757377,
      -0.14750121031812735,
      -0.9460578687135982
    ],
    "cam_t_w2c": [
      -562.1703068110219,
      -205.18020686644562,
      198.5461428457243
    ]
  },
  "27": {
    "cam_K": [
      [
        1995.7180780455624,
        0.0,
        1912.5487726072251
      ],
      [
        0.0,
        1995.823551026432,
        1104.7043021909708
      ],
      [
        0.0,
        0.0,
        1.0
      ]
    ],
    "depth_scale": 0.1,
    "cam_R_w2c": [
      -0.024837557736615997,
      0.9875358399209818,
      -0.15542223698522556,
      0.957848084664036,
      0.06801780037269602,
      0.27910684514169265,
      0.2861994909705888,
      -0.14193855740318992,
      -0.9475986964737613
    ],
    "cam_t_w2c": [
      -519.0623957597587,
      -161.7037223202965,
      206.97057923339946
    ]
  },
  "28": {
    "cam_K": [
      [
        2789.760446808816,
        0.0,
        951.9569376586062
      ],
      [
        0.0,
        2792.540885096279,
        595.5559842401404
      ],
      [
        0.0,
        0.0,
        1.0
      ]
    ],
    "depth_scale": 0.1,
    "cam_R_w2c": [
      -0.017786945731125055,
      0.9732404542699663,
      -0.22909965928869921,
      0.9614101973166772,
      0.07956591128911202,
      0.26336230505387864,
      0.2745433722679105,
      -0.21557433445892668,
      -0.9370985195456498
    ],
    "cam_t_w2c": [
      -470.8425161599982,
      -161.0860026309347,
      214.71835764437412
    ]
  },
  "29": {
    "cam_K": [
      [
        1403.8768002332508,
        0.0,
        979.7407343543288
      ],
      [
        0.0,
        1408.6953061316951,
        543.5206016619927
      ],
      [
        0.0,
        0.0,
        1.0
      ]
    ],
    "depth_scale": 1,
    "cam_R_w2c": [
      -0.011096649524301049,
      0.9999365326344432,
      -0.0019505552190228204,
      0.9627825589557464,
      0.011211106237030321,
      0.27004455381541015,
      0.2700492820258989,
      0.0011186340195825442,
      -0.9628458482289296
    ],
    "cam_t_w2c": [
      -595.0334542716162,
      -234.63173418441406,
      148.8912528234097
    ]
  },
  "30": {
    "cam_K": [
      [
        1393.7465402765408,
        0.0,
        966.3952911133694
      ],
      [
        0.0,
        1398.2315758062161,
        548.4253567958308
      ],
      [
        0.0,
        0.0,
        1.0
      ]
    ],
    "depth_scale": 1,
    "cam_R_w2c": [
      -0.0324208862831783,
      0.995700987501852,
      0.08676657889861826,
      0.9587329046320797,
      0.006448575817337224,
      0.28423518294444244,
      0.282453730575869,
      0.09240113452214192,
      -0.9548203568940367
    ],
    "cam_t_w2c": [
      -716.5772536146899,
      -255.6078283582625,
      165.79173639231766
    ]
  },
  "31": {
    "cam_K": [
      [
        1995.7180780455624,
        0.0,
        1912.5487726072251
      ],
      [
        0.0,
        1995.823551026432,
        1104.7043021909708
      ],
      [
        0.0,
        0.0,
        1.0
      ]
    ],
    "depth_scale": 0.1,
    "cam_R_w2c": [
      -0.028027666536978697,
      0.9953624961174241,
      0.09202152370343845,
      0.9595036049198035,
      0.0009751940829419263,
      0.281694669669484,
      0.2802985698439602,
      0.09619023169978672,
      -0.9550812240775295
    ],
    "cam_t_w2c": [
      -672.4252320529138,
      -214.6475289002736,
      185.98898016059286
    ]
  },
  "32": {
    "cam_K": [
      [
        2789.760446808816,
        0.0,
        951.9569376586062
      ],
      [
        0.0,
        2792.540885096279,
        595.5559842401404
      ],
      [
        0.0,
        0.0,
        1.0
      ]
    ],
    "depth_scale": 0.1,
    "cam_R_w2c": [
      -0.017140784014492524,
      0.9996691602446537,
      0.019177413079911127,
      0.9626487587227676,
      0.011316484258830898,
      0.27051674678535476,
      0.2702102275119302,
      0.023097986579746488,
      -0.9625242383859084
    ],
    "cam_t_w2c": [
      -629.2364458984832,
      -216.82257851403352,
      204.91119632376726
    ]
  },
  "33": {
    "cam_K": [
      [
        1403.8768002332508,
        0.0,
        979.7407343543288
      ],
      [
        0.0,
        1408.6953061316951,
        543.5206016619927
      ],
      [
        0.0,
        0.0,
        1.0
      ]
    ],
    "depth_scale": 1,
    "cam_R_w2c": [
      -0.00859471440290264,
      0.9702306364859674,
      0.24203026458548166,
      0.9641536784954446,
      -0.05615190836795958,
      0.2593350219745305,
      0.2652052437483208,
      0.2355832862165512,
      -0.9349688179678892
    ],
    "cam_t_w2c": [
      -739.1589184508086,
      -176.36414937018978,
      151.51792040876467
    ]
  },
  "34": {
    "cam_K": [
      [
        1393.7465402765408,
        0.0,
        966.3952911133694
      ],
      [
        0.0,
        1398.2315758062161,
        548.4253567958308
      ],
      [
        0.0,
        0.0,
        1.0
      ]
    ],
    "depth_scale": 1,
    "cam_R_w2c": [
      -0.033598822242010475,
      0.9449262201033434,
      0.32555424090634777,
      0.9612742704529379,
      -0.05859860170998463,
      0.2692916393707716,
      0.2735377530004463,
      0.3219948023221361,
      -0.906364408827632
    ],
    "cam_t_w2c": [
      -860.4940639724272,
      -190.11429337270934,
      138.8407807980537
    ]
  },
  "35": {
    "cam_K": [
      [
        1995.7180780455624,
        0.0,
        1912.5487726072251
      ],
      [
        0.0,
        1995.823551026432,
        1104.7043021909708
      ],
      [
        0.0,
        0.0,
        1.0
      ]
    ],
    "depth_scale": 0.1,
    "cam_R_w2c": [
      -0.030459166543556536,
      0.9416257325494461,
      0.3352808151999478,
      0.9615985715371552,
      -0.0639322579320892,
      0.2669098345988743,
      0.2727644269239892,
      0.3305354089438697,
      -0.9035186259660639
    ],
    "cam_t_w2c": [
      -823.4534320326586,
      -152.51231532210267,
      167.98423598884384
    ]
  },
  "36": {
    "cam_K": [
      [
        2789.760446808816,
        0.0,
        951.9569376586062
      ],
      [
        0.0,
        2792.540885096279,
        595.5559842401404
      ],
      [
        0.0,
        0.0,
        1.0
      ]
    ],
    "depth_scale": 0.1,
    "cam_R_w2c": [
      -0.016439946208448058,
      0.9645033163735355,
      0.2635585076222466,
      0.9639482400992202,
      -0.0547263216148243,
      0.2604012794214309,
      0.26558148425188294,
      0.2583377482507155,
      -0.928831566905316
    ],
    "cam_t_w2c": [
      -784.5737108041085,
      -157.1568396908794,
      196.91541640247283
    ]
  },
  "37": {
    "cam_K": [
      [
        1403.8768002332508,
        0.0,
        979.7407343543288
      ],
      [
        0.0,
        1408.6953061316951,
        543.5206016619927
      ],
      [
        0.0,
        0.0,
        1.0
      ]
    ],
    "depth_scale": 1,
    "cam_R_w2c": [
      -0.005793518235906942,
      0.9699963522315853,
      0.24305044309749207,
      0.999799144244189,
      0.0009553648018436772,
      0.020019107571006233,
      0.019186258068764818,
      0.24311761247519334,
      -0.9698070481214239
    ],
    "cam_t_w2c": [
      -798.0333428066008,
      -31.102666681646,
      158.18225648058865
    ]
  },
  "38": {
    "cam_K": [
      [
        1393.7465402765408,
        0.0,
        966.3952911133694
      ],
      [
        0.0,
        1398.2315758062161,
        548.4253567958308
      ],
      [
        0.0,
        0.0,
        1.0
      ]
    ],
    "depth_scale": 1,
    "cam_R_w2c": [
      -0.030091033005519838,
      0.9447370103844948,
      0.3264452741707964,
      0.9991721173875746,
      0.01948443642866268,
      0.03571334195430502,
      0.02737911203336652,
      0.32724967264893895,
      -0.9445411756804127
    ],
    "cam_t_w2c": [
      -919.9419577097593,
      -46.71028129362168,
      149.84414354917445
    ]
  },
  "39": {
    "cam_K": [
      [
        1995.7180780455624,
        0.0,
        1912.5487726072251
      ],
      [
        0.0,
        1995.823551026432,
        1104.7043021909708
      ],
      [
        0.0,
        0.0,
        1.0
      ]
    ],
    "depth_scale": 0.1,
    "cam_R_w2c": [
      -0.026811813007004234,
      0.9421554513408001,
      0.33410213749407464,
      0.9992465355748269,
      0.01587759235429053,
      0.035415666363830006,
      0.028062323922974957,
      0.33479996705910786,
      -0.9418712675379644
    ],
    "cam_t_w2c": [
      -881.3556999406534,
      -4.268761450138882,
      169.5576831969718
    ]
  },
  "40": {
    "cam_K": [
      [
        2789.760446808816,
        0.0,
        951.9569376586062
      ],
      [
        0.0,
        2792.540885096279,
        595.5559842401404
      ],
      [
        0.0,
        0.0,
        1.0
      ]
    ],
    "depth_scale": 0.1,
    "cam_R_w2c": [
      -0.012855519790678163,
      0.9649632267304659,
      0.2620700531439214,
      0.9997358596764035,
      0.0074102704890710355,
      0.021755573759796983,
      0.019051317202773973,
      0.26228051527607,
      -0.964803594105903
    ],
    "cam_t_w2c": [
      -841.7817733698984,
      -0.7097464386496104,
      198.3552186764894
    ]
  },
  "41": {
    "cam_K": [
      [
        1403.8768002332508,
        0.0,
        979.7407343543288
      ],
      [
        0.0,
        1408.6953061316951,
        543.5206016619927
      ],
      [
        0.0,
        0.0,
        1.0
      ]
    ],
    "depth_scale": 1,
    "cam_R_w2c": [
      -0.0014090783038325152,
      0.9704187341357507,
      0.24142390325069288,
      0.9737686559572021,
      0.056264265261012344,
      -0.22047435717798486,
      -0.2275359869411586,
      0.23478037069998614,
      -0.9450426180342809
    ],
    "cam_t_w2c": [
      -741.5236156245153,
      114.386877388265,
      164.75484011765312
    ]
  },
  "42": {
    "cam_K": [
      [
        1393.7465402765408,
        0.0,
        966.3952911133694
      ],
      [
        0.0,
        1398.2315758062161,
        548.4253567958308
      ],
      [
        0.0,
        0.0,
        1.0
      ]
    ],
    "depth_scale": 1,
    "cam_R_w2c": [
      -0.025736273597528725,
      0.9456515334886992,
      0.3241617305541844,
      0.9751918659802595,
      0.09506698413379305,
      -0.19990772395469777,
      -0.2198601258806567,
      0.3109750087123639,
      -0.9246383437455344
    ],
    "cam_t_w2c": [
      -863.1626934141369,
      98.30066049588947,
      161.14807143311816
    ]
  },
  "43": {
    "cam_K": [
      [
        1995.7180780455624,
        0.0,
        1912.5487726072251
      ],
      [
        0.0,
        1995.823551026432,
        1104.7043021909708
      ],
      [
        0.0,
        0.0,
        1.0
      ]
    ],
    "depth_scale": 0.1,
    "cam_R_w2c": [
      -0.022098621185352642,
      0.9429731035954002,
      0.33213458561472353,
      0.9756936127038243,
      0.0927898886753586,
      -0.19852459729634936,
      -0.21802208893116057,
      0.3196744794888071,
      -0.9221033530044511
    ],
    "cam_t_w2c": [
      -823.574094769292,
      143.0167017368554,
      168.27486040161153
    ]
  },
  "44": {
    "cam_K": [
      [
        2789.760446808816,
        0.0,
        951.9569376586062
      ],
      [
        0.0,
        2792.540885096279,
        595.5559842401404
      ],
      [
        0.0,
        0.0,
        1.0
      ]
    ],
    "depth_scale": 0.1,
    "cam_R_w2c": [
      -0.008846211410770029,
      0.9657156579591056,
      0.2594513801088495,
      0.9734528823187325,
      0.06766224092922185,
      -0.2186579797329408,
      -0.22871649841715302,
      0.25062940543624485,
      -0.94067723593317
    ],
    "cam_t_w2c": [
      -784.0977450989651,
      154.99477175719016,
      196.37965248458354
    ]
  },
  "45": {
    "cam_K": [
      [
        1403.8768002332508,
        0.0,
        979.7407343543288
      ],
      [
        0.0,
        1408.6953061316951,
        543.5206016619927
      ],
      [
        0.0,
        0.0,
        1.0
      ]
    ],
    "depth_scale": 1,
    "cam_R_w2c": [
      -0.006516644228852402,
      0.9999641115996776,
      -0.005414654032648226,
      0.9739718601903378,
      0.005120190838787226,
      -0.22661112996979874,
      -0.22657527467365543,
      -0.0067504592676904205,
      -0.9739702615856117
    ],
    "cam_t_w2c": [
      -596.8292918950336,
      172.58415549367513,
      167.56615240127604
    ]
  },
  "46": {
    "cam_K": [
      [
        1393.7465402765408,
        0.0,
        966.3952911133694
      ],
      [
        0.0,
        1398.2315758062161,
        548.4253567958308
      ],
      [
        0.0,
        0.0,
        1.0
      ]
    ],
    "depth_scale": 1,
    "cam_R_w2c": [
      -0.028406092523448036,
      0.9963353909616204,
      0.08067770598211248,
      0.9767154617951428,
      0.04483528475323269,
      -0.20980159426095693,
      -0.21264996311208229,
      0.07283952387748989,
      -0.9744097655486846
    ],
    "cam_t_w2c": [
      -716.3804163308333,
      162.21850648063216,
      193.94732754905957
    ]
  },
  "47": {
    "cam_K": [
      [
        1995.7180780455624,
        0.0,
        1912.5487726072251
      ],
      [
        0.0,
        1995.823551026432,
        1104.7043021909708
      ],
      [
        0.0,
        0.0,
        1.0
      ]
    ],
    "depth_scale": 0.1,
    "cam_R_w2c": [
      -0.023613475907225345,
      0.995420370452145,
      0.09263206497819335,
      0.9767372713336459,
      0.04272553485195435,
      -0.2101400401693107,
      -0.21313543287055747,
      0.085515058003745,
      -0.973273063614014
    ],
    "cam_t_w2c": [
      -676.8888841254291,
      205.8834370831845,
      190.4911892857692
    ]
  },
  "48": {
    "cam_K": [
      [
        2789.760446808816,
        0.0,
        951.9569376586062
      ],
      [
        0.0,
        2792.540885096279,
        595.5559842401404
      ],
      [
        0.0,
        0.0,
        1.0
      ]
    ],
    "depth_scale": 0.1,
    "cam_R_w2c": [
      -0.013299838587928131,
      0.9997849366263485,
      0.015912397877587484,
      0.9746858221740982,
      0.01651467438726063,
      -0.2229682008846251,
      -0.223183038211925,
      0.012544152789545779,
      -0.9746958345720983
    ],
    "cam_t_w2c": [
      -630.4778437557844,
      212.8658507553719,
      209.10031066054316
    ]
  },
  "49": {
    "cam_K": [
      [
        1403.8768002332508,
        0.0,
        979.7407343543288
      ],
      [
        0.0,
        1408.6953061316951,
        543.5206016619927
      ],
      [
        0.0,
        0.0,
        1.0
      ]
    ],
    "depth_scale": 1,
    "cam_R_w2c": [
      -0.006934973577263465,
      0.9679579657153814,
      -0.25101652116201506,
      0.974535006581982,
      -0.04972044099754873,
      -0.21865361601137617,
      -0.2241281625981907,
      -0.2461407401059663,
      -0.9429641008170877
    ],
    "cam_t_w2c": [
      -451.36361370561974,
      114.5760347742679,
      165.6664950973383
    ]
  },
  "50": {
    "cam_K": [
      [
        1393.7465402765408,
        0.0,
        966.3952911133694
      ],
      [
        0.0,
        1398.2315758062161,
        548.4253567958308
      ],
      [
        0.0,
        0.0,
        1.0
      ]
    ],
    "depth_scale": 1,
    "cam_R_w2c": [
      -0.024848674973167235,
      0.9853236262533467,
      -0.16887837648938456,
      0.9782149473351672,
      -0.010862290686204224,
      -0.2073102326289969,
      -0.20610207755167162,
      -0.1703507337337829,
      -0.96358837362464
    ],
    "cam_t_w2c": [
      -560.7427530273391,
      111.2481280553835,
      219.33562553129718
    ]
  },
  "51": {
    "cam_K": [
      [
        1995.7180780455624,
        0.0,
        1912.5487726072251
      ],
      [
        0.0,
        1995.823551026432,
        1104.7043021909708
      ],
      [
        0.0,
        0.0,
        1.0
      ]
    ],
    "depth_scale": 0.1,
    "cam_R_w2c": [
      -0.021408359290371843,
      0.9871709165757527,
      -0.15822539229257604,
      0.978070790058526,
      -0.01211477097152042,
      -0.20792009777840806,
      -0.207169539233606,
      -0.15920685970971865,
      -0.9652636688876455
    ],
    "cam_t_w2c": [
      -519.8368376052686,
      152.562269377547,
      205.9999190880049
    ]
  },
  "52": {
    "cam_K": [
      [
        2789.760446808816,
        0.0,
        951.9569376586062
      ],
      [
        0.0,
        2792.540885096279,
        595.5559842401404
      ],
      [
        0.0,
        0.0,
        1.0
      ]
    ],
    "depth_scale": 0.1,
    "cam_R_w2c": [
      -0.013800036247902483,
      0.9721301104268398,
      -0.23403550702343032,
      0.9752317284123221,
      -0.03858863580996003,
      -0.2177934759946348,
      -0.22075470798293687,
      -0.2312444060558023,
      -0.9475195914653164
    ],
    "cam_t_w2c": [
      -469.73291485703055,
      157.67678402838484,
      212.87765583681264
    ]
  },
  "-4": {
    "cam_K": [
      [
        2789.760446808816,
        0.0,
        951.9569376586062
      ],
      [
        0.0,
        2792.540885096279,
        595.5559842401404
      ],
      [
        0.0,
        0.0,
        1.0
      ]
    ],
    "depth_scale": 0.1,
    "cam_R_w2c": [
      -0.01654993953974185,
      0.9997867316460447,
      0.012353153024358365,
      0.9996815956056168,
      0.016310308706608063,
      0.019253244606270217,
      0.01904765360372904,
      0.012667864803875791,
      -0.9997383183246659
    ],
    "cam_t_w2c": [
      -627.7157908073094,
      -4.74882871388219,
      413.4697139333737
    ]
  },
  "-1": {
    "cam_K": [
      [
        1429.1852897390465,
        0.0,
        977.0425291412042
      ],
      [
        0.0,
        1435.274462851161,
        543.5870281084453
      ],
      [
        0.0,
        0.0,
        1.0
      ]
    ],
    "depth_scale": 1,
    "cam_R_w2c": [
      -0.009420473533309468,
      0.9999487310762126,
      -0.003714776086488441,
      0.999819948265485,
      0.00948032463171866,
      0.016437782266651952,
      0.016472155713416904,
      -0.0035592503064483146,
      -0.9998579863443292
    ],
    "cam_t_w2c": [
      -598.1404948662163,
      -36.36067364125296,
      380.69985983455655
    ]
  },
  "-2": {
    "cam_K": [
      [
        1415.1207600904063,
        0.0,
        969.0317075291746
      ],
      [
        0.0,
        1424.6133036516164,
        548.5843257919785
      ],
      [
        0.0,
        0.0,
        1.0
      ]
    ],
    "depth_scale": 1,
    "cam_R_w2c": [
      -0.03184093685267992,
      0.9961535296965193,
      0.08163522326423911,
      0.9988957205167193,
      0.028892467956304763,
      0.03704822558967784,
      0.034547076206704594,
      0.08272472958810495,
      -0.9959734492812902
    ],
    "cam_t_w2c": [
      -718.6540005541154,
      -54.098626822967816,
      401.8167361260216
    ]
  },
  "-3": {
    "cam_K": [
      [
        2111.7545934678865,
        0.0,
        1912.6446092068736
      ],
      [
        0.0,
        2110.121816063188,
        1108.7622578230528
      ],
      [
        0.0,
        0.0,
        1.0
      ]
    ],
    "depth_scale": 0.1,
    "cam_R_w2c": [
      -0.02716792362205534,
      0.9963224903038997,
      0.08126136169542345,
      0.9992654931888898,
      0.024870347726068182,
      0.029153835365439095,
      0.02702562222979095,
      0.08199372807144927,
      -0.9962663485901577
    ],
    "cam_t_w2c": [
      -669.624574493468,
      -6.0132066838466445,
      454.70289581826984
    ]
  },
  "0": {
    "cam_K": [
      [
        1429.1852897390465,
        0.0,
        977.0425291412042
      ],
      [
        0.0,
        1435.274462851161,
        543.5870281084453
      ],
      [
        0.0,
        0.0,
        1.0
      ]
    ],
    "depth_scale": 1,
    "cam_R_w2c": [
      -0.009768870754891993,
      0.9999383041831618,
      -0.005287437136888915,
      0.9998969663021555,
      0.009823811755783922,
      0.01046658981393082,
      0.01051788685622608,
      -0.0051846455895518204,
      -0.999931244389428
    ],
    "cam_t_w2c": [
      -595.2211888733473,
      -32.88561255690987,
      363.3807906986916
    ]
  }
}