{
  "2": [
    {
      "cam_R_m2c": [
        -0.38636642091174594,
        0.9109316885513405,
        0.1446528365869491,
        -0.06236692643111494,
        -0.18227453095633078,
        0.9812677269555917,
        0.9202344059833724,
        0.37010734529990624,
        0.12723677318971396
      ],
      "cam_t_m2c": [
        238.6850519544872,
        79.50999123581309,
        1019.7979656716809
      ],
      "obj_id": 66
    },
    {
      "cam_R_m2c": [
        -0.006101483509071536,
        0.9186848849634863,
        0.3949441070243425,
        -0.046391485608548576,
        -0.3947862600840315,
        0.9176010182762403,
        0.9989047047784632,
        -0.012723319000920542,
        0.045027942137438604
      ],
      "cam_t_m2c": [
        115.91917985531282,
        144.87803695728752,
        1006.2573999011532
      ],
      "obj_id": 60
    },
    {
      "cam_R_m2c": [
        -0.6937284662355396,
        0.15367160675143288,
        0.7036517931288895,
        -0.13691655984320225,
        -0.9872955156702493,
        0.08063132308049831,
        0.7071030132533471,
        -0.0404053431240206,
        0.705955200110686
      ],
      "cam_t_m2c": [
        -228.28606417656886,
        133.60077648809607,
        991.8794269122167
      ],
      "obj_id": 60
    },
    {
      "cam_R_m2c": [
        -0.3935776104206124,
        0.885982338441144,
        -0.24521817689039221,
        -0.7308774134856484,
        -0.13977808165786615,
        0.6680421275826509,
        0.5575974037989413,
        0.44215085528564363,
        0.7025580146487662
      ],
      "cam_t_m2c": [
        71.09895949402892,
        -22.589846369846015,
        926.0947566041627
      ],
      "obj_id": 60
    },
    {
      "cam_R_m2c": [
        0.6630665410647478,
        -0.7482402780302647,
        -0.021891592205518593,
        -0.13585609558555295,
        -0.09152910570626838,
        -0.9864915276390765,
        0.7361289859099338,
        0.6570836385709966,
        -0.16234289568523258
      ],
      "cam_t_m2c": [
        -136.1099360178593,
        -151.21218828690058,
        995.3562000058522
      ],
      "obj_id": 52
    },
    {
      "cam_R_m2c": [
        -0.4598541671045137,
        -0.027001132560430696,
        0.8875838425657323,
        -0.8876257255426067,
        0.042778411360270996,
        -0.4585745034048004,
        -0.025587404235952828,
        -0.9987196536931924,
        -0.043638734407338245
      ],
      "cam_t_m2c": [
        288.22926998211165,
        172.36945318801406,
        1009.6061524948798
      ],
      "obj_id": 52
    },
    {
      "cam_R_m2c": [
        0.07572927578901169,
        0.5958651280731765,
        0.7995059849524985,
        0.24187087822939007,
        0.766884832801217,
        -0.5944628845928438,
        -0.9673487268111376,
        0.23839546499088715,
        -0.08604679195976707
      ],
      "cam_t_m2c": [
        47.44928691349908,
        63.90284191446008,
        1009.0951944611691
      ],
      "obj_id": 52
    },
    {
      "cam_R_m2c": [
        -0.5376416055985396,
        -0.8431344678180993,
        -0.008109684328276603,
        -0.1310759349903455,
        0.09307658744064722,
        -0.9869933320473884,
        0.8329229302288945,
        -0.5295857001826468,
        -0.16055648953191257
      ],
      "cam_t_m2c": [
        -67.86090040285173,
        -163.59911185309903,
        991.5010863128408
      ],
      "obj_id": 50
    },
    {
      "cam_R_m2c": [
        -0.3368680883549975,
        0.9408628100398009,
        -0.03601469667743379,
        0.9383585615268336,
        0.3386275022618791,
        0.0693874275454864,
        0.07747962247599981,
        -0.010420285039875035,
        -0.9969394825405281
      ],
      "cam_t_m2c": [
        186.6321331959299,
        -18.70313963993256,
        994.0079213787258
      ],
      "obj_id": 50
    },
    {
      "cam_R_m2c": [
        -0.4448603930532578,
        0.8858186130655883,
        -0.13200230714835987,
        -0.11002156251150699,
        0.0922206266479011,
        0.9896416532133652,
        0.8888163428812172,
        0.454775479596636,
        0.05643384863908391
      ],
      "cam_t_m2c": [
        -271.954791553423,
        45.51741780100488,
        1007.3512329388078
      ],
      "obj_id": 50
    },
    {
      "cam_R_m2c": [
        0.015322121946903421,
        0.7306283683059053,
        -0.6826029630959272,
        0.09064188146282548,
        -0.6808871646424303,
        -0.7267572538774074,
        -0.9957656791614962,
        -0.05073695010375929,
        -0.07665816027571021
      ],
      "cam_t_m2c": [
        139.8989088281767,
        67.69480080065246,
        1032.9863702931793
      ],
      "obj_id": 72
    },
    {
      "cam_R_m2c": [
        0.002798391836148696,
        0.9500877380694833,
        -0.3119693006888303,
        0.0016678774622677917,
        0.31196565274580024,
        0.9500915956521803,
        0.9999946917589875,
        -0.003179055046607364,
        -0.0007116179474676715
      ],
      "cam_t_m2c": [
        -82.6067268415994,
        136.01800332580166,
        1039.9463693693756
      ],
      "obj_id": 72
    },
    {
      "cam_R_m2c": [
        0.019159565337482046,
        0.8384919948824151,
        0.5445764139757897,
        -0.004619040954982806,
        -0.544596347461997,
        0.838685198757317,
        0.9998057726797664,
        -0.01858426845612864,
        -0.006561200221889232
      ],
      "cam_t_m2c": [
        163.68823295297062,
        163.49258908758614,
        1038.602972355297
      ],
      "obj_id": 72
    },
    {
      "cam_R_m2c": [
        -0.5893747941038469,
        -0.713994765342144,
        -0.37795346389726875,
        0.23993608576281264,
        0.29202762630589935,
        -0.9258242433964219,
        0.7714065258824606,
        -0.6363421554338385,
        -0.0008006158380112899
      ],
      "cam_t_m2c": [
        -90.89449624278589,
        47.860956600993404,
        974.2715436236654
      ],
      "obj_id": 28
    },
    {
      "cam_R_m2c": [
        0.08296246183275789,
        0.3837596895299758,
        -0.919698714146418,
        0.20234979758450816,
        0.8971681364518155,
        0.3926116188993205,
        0.9757929060946917,
        -0.21867287996374007,
        -0.003222416845349742
      ],
      "cam_t_m2c": [
        85.70152381753412,
        -95.29440729124747,
        973.8926620146058
      ],
      "obj_id": 28
    },
    {
      "cam_R_m2c": [
        -0.22998868651266652,
        -0.9708743329307962,
        -0.06714334131233189,
        -0.12886231167861806,
        0.09876597017548601,
        -0.9867318670953147,
        0.9646241301117133,
        -0.21828492577461756,
        -0.1478241711315208
      ],
      "cam_t_m2c": [
        292.56514874754544,
        -39.16960719468756,
        975.286837349223
      ],
      "obj_id": 28
    }
  ],
  "3": [
    {
      "cam_R_m2c": [
        -0.3793461375396202,
        0.9130776804750026,
        0.14961835725373757,
        -0.06025672171138686,
        -0.18574132741201982,
        0.9807493445819304,
        0.9232906595967243,
        0.363027962555091,
        0.12547932827275549
      ],
      "cam_t_m2c": [
        198.89230722338883,
        24.766276161254034,
        1065.137262843939
      ],
      "obj_id": 66
    },
    {
      "cam_R_m2c": [
        0.0015888841397937916,
        0.916952141890013,
        0.39899403324330956,
        -0.04577420709384751,
        -0.39850962202353785,
        0.9160211749408288,
        0.9989505516684236,
        -0.019719089631222705,
        0.04133957527891702
      ],
      "cam_t_m2c": [
        76.28878734291379,
        90.6227419805636,
        1052.5241546699133
      ],
      "obj_id": 60
    },
    {
      "cam_R_m2c": [
        -0.6886783830155271,
        0.14935477963090377,
        0.7095176024164462,
        -0.1336877860882032,
        -0.9879333163695015,
        0.07820056349455404,
        0.712635714229036,
        -0.04099880419820732,
        0.7003352372463374
      ],
      "cam_t_m2c": [
        -268.0619281786728,
        80.73050247199917,
        1040.8673520515163
      ],
      "obj_id": 60
    },
    {
      "cam_R_m2c": [
        -0.392120056507471,
        0.8888693054708894,
        -0.2369666913581437,
        -0.7289474053601279,
        -0.14310152086059624,
        0.6694457594297412,
        0.5611394970900778,
        0.43523936803843943,
        0.7040519617316111
      ],
      "cam_t_m2c": [
        30.16097811275911,
        -76.70981687993371,
        972.82200011629
      ],
      "obj_id": 60
    },
    {
      "cam_R_m2c": [
        0.668296535829244,
        -0.7433989995677749,
        -0.027159915763298126,
        -0.13810285315786633,
        -0.0881096844315454,
        -0.9864908896928327,
        0.7309632977327905,
        0.6630193133588962,
        -0.16154892516266456
      ],
      "cam_t_m2c": [
        -177.01364564850027,
        -204.45117497176614,
        1043.7952448202245
      ],
      "obj_id": 52
    },
    {
      "cam_R_m2c": [
        -0.4636270237581467,
        -0.03470335030075761,
        0.88535058259655,
        -0.8857718317930883,
        0.04229528252721794,
        -0.46218975254550365,
        -0.021406628577117635,
        -0.9985022718376508,
        -0.05034848990049039
      ],
      "cam_t_m2c": [
        248.7296816390124,
        117.4183482836811,
        1054.4971541683012
      ],
      "obj_id": 52
    },
    {
      "cam_R_m2c": [
        0.06907545841850404,
        0.6008227048573882,
        0.7963922729627801,
        0.24098879606473678,
        0.7646074956847347,
        -0.5977455707753883,
        -0.9680666224106972,
        0.23321117090097768,
        -0.09197593013098018
      ],
      "cam_t_m2c": [
        7.516539089713261,
        9.927094592384904,
        1055.9522580019502
      ],
      "obj_id": 52
    },
    {
      "cam_R_m2c": [
        -0.5315817757882091,
        -0.8469014974934446,
        -0.01336648997050832,
        -0.12840450757738864,
        0.09617512120225691,
        -0.9870474243198134,
        0.8372174762801593,
        -0.5229801099425699,
        -0.15987091638635326
      ],
      "cam_t_m2c": [
        -108.84777983151685,
        -217.1165737415951,
        1039.4099226175028
      ],
      "obj_id": 50
    },
    {
      "cam_R_m2c": [
        -0.33244956295672323,
        0.9421129258619533,
        -0.04359492749771978,
        0.9397603875143301,
        0.33480958367331715,
        0.06894162106893406,
        0.07954679748727932,
        -0.018049170306455014,
        -0.9966677182026011
      ],
      "cam_t_m2c": [
        146.2409174391533,
        -73.25059551136385,
        1039.8197623030883
      ],
      "obj_id": 50
    },
    {
      "cam_R_m2c": [
        -0.4382782783947776,
        0.8897432383003153,
        -0.12755043800003205,
        -0.10769278288363501,
        0.08890339275299941,
        0.9902012124992594,
        0.892364510780097,
        0.4477199489982528,
        0.05685450440016103
      ],
      "cam_t_m2c": [
        -311.9630905869993,
        -7.166161999564771,
        1056.737982915105
      ],
      "obj_id": 50
    },
    {
      "cam_R_m2c": [
        0.007835074638819144,
        0.7274463695210329,
        -0.6861193600118,
        0.08998876547482483,
        -0.6838693562769658,
        -0.7240332266204341,
        -0.995911963772779,
        -0.056070176297085626,
        -0.07082016234256774
      ],
      "cam_t_m2c": [
        100.16627724409776,
        13.358920396837135,
        1079.1114552801232
      ],
      "obj_id": 72
    },
    {
      "cam_R_m2c": [
        0.01069133459107742,
        0.9512867909693499,
        -0.3081209539999502,
        0.002249370421488192,
        0.30811490481270565,
        0.9513461705553734,
        0.9999403142466147,
        -0.01086423828824018,
        0.001154373021989244
      ],
      "cam_t_m2c": [
        -121.99946527394957,
        82.58644954616283,
        1087.7827616712225
      ],
      "obj_id": 72
    },
    {
      "cam_R_m2c": [
        0.027024954427399727,
        0.8361104208375577,
        0.5478945165616232,
        -0.004103842514723857,
        -0.5479972841838413,
        0.8364696735775636,
        0.9996263391297076,
        -0.024854031440915997,
        -0.011378335925429382
      ],
      "cam_t_m2c": [
        124.38632108979056,
        109.06292996075877,
        1084.4804804438168
      ],
      "obj_id": 72
    },
    {
      "cam_R_m2c": [
        -0.58229788093474,
        -0.7178043246267939,
        -0.38168851590571207,
        0.24277737053794296,
        0.29453840756863403,
        -0.9242868949874855,
        0.7758790676154195,
        -0.630875642466905,
        0.002757552956753742
      ],
      "cam_t_m2c": [
        -131.1613079572942,
        -5.57524239476183,
        1022.2304050516788
      ],
      "obj_id": 28
    },
    {
      "cam_R_m2c": [
        0.09147285229341305,
        0.3856477972983618,
        -0.9181004781054023,
        0.2025907338355763,
        0.8954774100731975,
        0.39632965008690946,
        0.974981906548956,
        -0.2222520580145962,
        0.0037832039681861933
      ],
      "cam_t_m2c": [
        44.84593821621174,
        -149.44454854016465,
        1020.5487073387221
      ],
      "obj_id": 28
    },
    {
      "cam_R_m2c": [
        -0.2228933465362697,
        -0.9721583137893982,
        -0.07229635976268393,
        -0.12735830036367324,
        0.10256613839462402,
        -0.9865394266525769,
        0.9664876735308614,
        -0.2106855386919625,
        -0.1466737448208803
      ],
      "cam_t_m2c": [
        251.9393752439549,
        -94.15684029364206,
        1020.2768860547366
      ],
      "obj_id": 28
    }
  ],
  "1": [
    {
      "cam_R_m2c": [
        -0.3692253581841564,
        0.9141030673409821,
        0.1675953833517186,
        0.025272806935004985,
        -0.17039517135988116,
        0.9850516544290729,
        0.9289961930920889,
        0.3679416539919546,
        0.039812273669209086
      ],
      "cam_t_m2c": [
        244.25337689337846,
        40.29966984548716,
        983.771159929027
      ],
      "obj_id": 66
    },
    {
      "cam_R_m2c": [
        0.012777981035053088,
        0.9098132677759015,
        0.41482108752077673,
        0.03936102987298453,
        -0.414991081696795,
        0.9089736530743303,
        0.9991433529752044,
        0.004712934220774146,
        -0.041113931370867565
      ],
      "cam_t_m2c": [
        122.63340986809887,
        107.01481197507877,
        966.8755656364344
      ],
      "obj_id": 60
    },
    {
      "cam_R_m2c": [
        -0.6822495548926815,
        0.13220449886633961,
        0.7190671101908493,
        -0.06029995145429718,
        -0.9903394128900028,
        0.12486694407329502,
        0.7286284795971963,
        0.04183070036833242,
        0.6836305567469241
      ],
      "cam_t_m2c": [
        -221.9498990579621,
        102.29403416640793,
        959.7194356449025
      ],
      "obj_id": 60
    },
    {
      "cam_R_m2c": [
        -0.39758687655707076,
        0.8914820570863169,
        -0.21721973038325657,
        -0.671471529420493,
        -0.12134237657314191,
        0.7310280456237599,
        0.6253404308522575,
        0.4365040257685461,
        0.6468489682248476
      ],
      "cam_t_m2c": [
        72.74489752166434,
        -65.64488971227145,
        902.2214302021107
      ],
      "obj_id": 60
    },
    {
      "cam_R_m2c": [
        0.6745810007206199,
        -0.7367854166297829,
        -0.045691539591154455,
        -0.08727872034982165,
        -0.018142243618377466,
        -0.9960187119679687,
        0.7330231230493154,
        0.6758832057197942,
        -0.07654410697040634
      ],
      "cam_t_m2c": [
        -135.6857801159092,
        -183.17891514118926,
        985.9996269336358
      ],
      "obj_id": 52
    },
    {
      "cam_R_m2c": [
        -0.4786925283682698,
        -0.04593856855777599,
        0.8767799639169782,
        -0.8759931277396622,
        -0.04219956333237274,
        -0.48047396883132193,
        0.059072009795132725,
        -0.9980525262151908,
        -0.020041258608294574
      ],
      "cam_t_m2c": [
        295.5121269376846,
        130.8092550371129,
        964.746496931038
      ],
      "obj_id": 52
    },
    {
      "cam_R_m2c": [
        0.06152663133352517,
        0.6163554775707699,
        0.7850607575459251,
        0.15648525620179166,
        0.7708669688648276,
        -0.6174758872900722,
        -0.985762061776736,
        0.1608416517699815,
        -0.04902170046656064
      ],
      "cam_t_m2c": [
        52.558714689379634,
        28.13964565169797,
        977.8940393383967
      ],
      "obj_id": 52
    },
    {
      "cam_R_m2c": [
        -0.5236059957051542,
        -0.8513634721890002,
        -0.03189033334878346,
        -0.047231956132263,
        0.06638205409740676,
        -0.9966757522742559,
        0.8506502854209776,
        -0.5203591614515387,
        -0.07496960907042062
      ],
      "cam_t_m2c": [
        -67.80012578753154,
        -197.38210800618327,
        981.9951434154702
      ],
      "obj_id": 50
    },
    {
      "cam_R_m2c": [
        -0.3156094925920728,
        0.9473309197509123,
        -0.054357809577822574,
        0.9488855867671019,
        0.31524724388237985,
        -0.015339813596067748,
        0.002604275928100839,
        -0.05642072892896183,
        -0.9984036878853476
      ],
      "cam_t_m2c": [
        189.66041945130416,
        -58.56360861803457,
        967.458190196145
      ],
      "obj_id": 50
    },
    {
      "cam_R_m2c": [
        -0.4293135677081476,
        0.8964100207678132,
        -0.11017680757836376,
        -0.023566542793027605,
        0.11083077344665666,
        0.993559836374609,
        0.9028479847350825,
        0.42914520899037023,
        -0.026455864277927996
      ],
      "cam_t_m2c": [
        -267.1310448700329,
        16.861268100638483,
        983.4874636551764
      ],
      "obj_id": 50
    },
    {
      "cam_R_m2c": [
        -0.0025754934490612434,
        0.7151099208572275,
        -0.6990068333165088,
        0.004777067059782609,
        -0.6989923750092882,
        -0.7151127329043067,
        -0.999985276069519,
        -0.005180967519052613,
        -0.001615872082456211
      ],
      "cam_t_m2c": [
        145.5237193887641,
        31.880677787290992,
        999.7025791061419
      ],
      "obj_id": 72
    },
    {
      "cam_R_m2c": [
        0.022698607790060315,
        0.9561395598440541,
        -0.29202962353959555,
        0.08712513640087938,
        0.28910168883026405,
        0.9533251391065055,
        0.9959387431814124,
        -0.047082274061451095,
        -0.07674157428780924
      ],
      "cam_t_m2c": [
        -75.3256679660706,
        105.53614143531931,
        1004.7701500264639
      ],
      "obj_id": 72
    },
    {
      "cam_R_m2c": [
        0.03891805544186264,
        0.82641133959497,
        0.5617197419394722,
        0.08047869071120242,
        -0.5629117404274535,
        0.8225891666247801,
        0.995996271513646,
        0.013192894400853195,
        -0.08841593232379262
      ],
      "cam_t_m2c": [
        171.4136377676865,
        127.24841565983104,
        996.6364575961422
      ],
      "obj_id": 72
    },
    {
      "cam_R_m2c": [
        -0.5687984161766974,
        -0.7202470248421966,
        -0.3971304305025023,
        0.318228688624899,
        0.252518344202894,
        -0.9137641804756311,
        0.758418660662524,
        -0.6461259221630234,
        0.08557122861579629
      ],
      "cam_t_m2c": [
        -86.75419489491733,
        12.293929649450483,
        947.074279644499
      ],
      "obj_id": 28
    },
    {
      "cam_R_m2c": [
        0.1065359566401245,
        0.3979761065286718,
        -0.911188840334484,
        0.2831477749256962,
        0.8663188029904516,
        0.41148397040523227,
        0.9531408257639413,
        -0.3018389355627827,
        -0.020391944906978255
      ],
      "cam_t_m2c": [
        86.7739554605908,
        -134.30501463497623,
        955.819943280053
      ],
      "obj_id": 28
    },
    {
      "cam_R_m2c": [
        -0.21341813401784404,
        -0.9727470840547393,
        -0.09064107989299129,
        -0.0406828276236983,
        0.10154700325137074,
        -0.9939985431928183,
        0.976113523775611,
        -0.2084497844149083,
        -0.06124607874059159
      ],
      "cam_t_m2c": [
        294.7504877424238,
        -82.93373733136855,
        948.6610244967183
      ],
      "obj_id": 28
    }
  ],
  "5": [
    {
      "cam_R_m2c": [
        -0.510316174550542,
        0.8452316217322139,
        0.15862188972007624,
        0.023083393483942716,
        -0.17091775299590647,
        0.985014857637223,
        0.8596770115323338,
        0.5063305455442669,
        0.06771128570492341
      ],
      "cam_t_m2c": [
        254.41609432582874,
        36.724113323769245,
        871.6695703395878
      ],
      "obj_id": 66
    },
    {
      "cam_R_m2c": [
        -0.144042845735353,
        0.8981023275049763,
        0.4155284123935154,
        0.037139284016050884,
        -0.41470527061116286,
        0.9091975597652245,
        0.9888742788945271,
        0.1463958302154526,
        0.026380454737628165
      ],
      "cam_t_m2c": [
        136.90403613433534,
        103.43725583318505,
        836.0597336827757
      ],
      "obj_id": 60
    },
    {
      "cam_R_m2c": [
        -0.7880006503328588,
        0.12467521465258619,
        0.6029187833235473,
        -0.06214437330808023,
        -0.9903871858466392,
        0.12357705934793628,
        0.6125300405157188,
        0.05991078846828408,
        0.7881736192141678
      ],
      "cam_t_m2c": [
        -202.29339436053982,
        98.62060528845291,
        774.9609958693195
      ],
      "obj_id": 60
    },
    {
      "cam_R_m2c": [
        -0.49025600579010153,
        0.8121088966604119,
        -0.31643037510900585,
        -0.6729919270863931,
        -0.12202516010691773,
        0.7295147134006834,
        0.5538329243974817,
        0.5706040629510157,
        0.6063663101451242
      ],
      "cam_t_m2c": [
        97.88392294189734,
        -69.09416838638742,
        764.0129993576322
      ],
      "obj_id": 60
    },
    {
      "cam_R_m2c": [
        0.5513815289670632,
        -0.8336214833331721,
        -0.03245958988460704,
        -0.08869253631020982,
        -0.019886969917690768,
        -0.9958604988057009,
        0.8295251930715823,
        0.5519780139122064,
        -0.08490131767067047
      ],
      "cam_t_m2c": [
        -121.02471849942248,
        -186.88217006339963,
        813.8263920954291
      ],
      "obj_id": 52
    },
    {
      "cam_R_m2c": [
        -0.4814474599016354,
        0.11112318719517303,
        0.86940207832825,
        -0.876277851211691,
        -0.03999100180854639,
        -0.4801435670505972,
        -0.018586832736410805,
        -0.9930016905865064,
        0.116628351373429
      ],
      "cam_t_m2c": [
        307.962910999471,
        127.29248525650041,
        861.1106544873751
      ],
      "obj_id": 52
    },
    {
      "cam_R_m2c": [
        0.21519970220629098,
        0.5830025547517109,
        0.7834520424605722,
        0.15870081008865705,
        0.7707067320568681,
        -0.6171103438984424,
        -0.9635886804380809,
        0.2571364439825498,
        0.07333287939706565
      ],
      "cam_t_m2c": [
        66.02128161580814,
        24.51500241255674,
        835.786671706175
      ],
      "obj_id": 52
    },
    {
      "cam_R_m2c": [
        -0.6504569554527118,
        -0.75930354332396,
        -0.019075433623059863,
        -0.04929675519064741,
        0.06726480063469159,
        -0.9965165661007594,
        0.7579416743646218,
        -0.6472507807631405,
        -0.08118406380716844
      ],
      "cam_t_m2c": [
        -53.3411859440921,
        -201.05437545065232,
        820.4834674184958
      ],
      "obj_id": 50
    },
    {
      "cam_R_m2c": [
        -0.31275070839571584,
        0.9442509573786596,
        0.10284511433753543,
        0.9487749571310129,
        0.31567956758272564,
        -0.013133270117439484,
        -0.0448671986226827,
        0.09346943508384986,
        -0.9946106802148758
      ],
      "cam_t_m2c": [
        203.12180085615395,
        -62.1202910624681,
        846.7872271325357
      ],
      "obj_id": 50
    },
    {
      "cam_R_m2c": [
        -0.5655293960061196,
        0.8179740736801697,
        -0.10533238199590549,
        -0.025717082307020023,
        0.11016539409509205,
        0.9935804991987545,
        0.8243270814657484,
        0.5646078271706991,
        -0.04126585693650042
      ],
      "cam_t_m2c": [
        -250.58477880014954,
        13.120445160553132,
        791.1683219911148
      ],
      "obj_id": 50
    },
    {
      "cam_R_m2c": [
        0.15422160472864677,
        0.707547813421624,
        -0.6896311971449322,
        0.007003887603246408,
        -0.6987469900149674,
        -0.7153341674022047,
        -0.9880114615114115,
        0.10548988815099186,
        -0.11271746326869252
      ],
      "cam_t_m2c": [
        154.41530766451797,
        28.237611765287816,
        871.9078313512159
      ],
      "obj_id": 72
    },
    {
      "cam_R_m2c": [
        -0.13377449064742167,
        0.9515041911948549,
        -0.27702627356964676,
        0.08491362793114048,
        0.2895161341319642,
        0.9533989093642157,
        0.9873672355528113,
        0.1040171494312983,
        -0.11952553781244693
      ],
      "cam_t_m2c": [
        -64.54700869351183,
        101.8099282583712,
        842.4480668604967
      ],
      "obj_id": 72
    },
    {
      "cam_R_m2c": [
        -0.11776016714456736,
        0.8145013421252829,
        0.5680840610772009,
        0.07827233456808783,
        -0.5626715114709849,
        0.8229663394455199,
        0.9899525202526926,
        0.14137791669077043,
        0.0025073713791184254
      ],
      "cam_t_m2c": [
        180.40189715643757,
        123.62034034713136,
        873.1434125119708
      ],
      "obj_id": 72
    },
    {
      "cam_R_m2c": [
        -0.6808761086791629,
        -0.6102164930408881,
        -0.40502289983229034,
        0.3163537618716027,
        0.2537233406125628,
        -0.9140813715176527,
        0.6605513009204604,
        -0.7505066941454414,
        0.020290118095503476
      ],
      "cam_t_m2c": [
        -66.72674483360316,
        8.69277304826089,
        783.4736749249417
      ],
      "obj_id": 28
    },
    {
      "cam_R_m2c": [
        -0.044395632892425055,
        0.439794348230757,
        -0.8970005315108808,
        0.28105831815879495,
        0.8671181685458725,
        0.4112326499486656,
        0.9586632652587113,
        -0.23385253056044536,
        -0.16210411965017427
      ],
      "cam_t_m2c": [
        103.38281436670508,
        -137.86896800108553,
        819.000424824528
      ],
      "obj_id": 28
    },
    {
      "cam_R_m2c": [
        -0.36377798505544623,
        -0.928108043151216,
        -0.07925295622866167,
        -0.042926473708332,
        0.10169542756850486,
        -0.9938890019037965,
        0.93049604958114,
        -0.35815289602585765,
        -0.07683496867928273
      ],
      "cam_t_m2c": [
        309.87557636239,
        -86.41437904005264,
        844.6453221410038
      ],
      "obj_id": 28
    }
  ],
  "9": [
    {
      "cam_R_m2c": [
        -0.37145901349718585,
        0.9128190152567639,
        0.16964563671451152,
        -0.11183605266146941,
        -0.22537962182888055,
        0.9678309326352915,
        0.921689157925905,
        0.3405370225948244,
        0.1858053749527357
      ],
      "cam_t_m2c": [
        240.55028309113703,
        54.54840965683151,
        840.1423612905223
      ],
      "obj_id": 66
    },
    {
      "cam_R_m2c": [
        0.010400019719823222,
        0.9088912240900884,
        0.41690355723496525,
        -0.10926976358210616,
        -0.4133963511532262,
        0.9039709985379786,
        0.9939577273858659,
        -0.054956272931107004,
        0.09501500458727186
      ],
      "cam_t_m2c": [
        119.11820716224646,
        123.3380867396197,
        833.069954163856
      ],
      "obj_id": 60
    },
    {
      "cam_R_m2c": [
        -0.6841741445428348,
        0.12993976027183918,
        0.7176499092654037,
        -0.16595993279555066,
        -0.9859236162846802,
        0.02029566902762843,
        0.7101852153961778,
        -0.10521536525620566,
        0.6961082484839698
      ],
      "cam_t_m2c": [
        -225.45588814329096,
        120.60025847720664,
        824.5640815991492
      ],
      "obj_id": 60
    },
    {
      "cam_R_m2c": [
        -0.40059185896953126,
        0.8901360912727168,
        -0.21721854277345656,
        -0.7557740897481328,
        -0.18697936732716963,
        0.6275701012963943,
        0.5180074128192401,
        0.41556762322041574,
        0.7476442185573831
      ],
      "cam_t_m2c": [
        69.01266011022966,
        -37.69863935798796,
        743.4206341525668
      ],
      "obj_id": 60
    },
    {
      "cam_R_m2c": [
        0.6725793529413187,
        -0.7384876606459002,
        -0.04767580675273248,
        -0.19671598067033413,
        -0.11630922900203558,
        -0.9735373526324634,
        0.7134001933824161,
        0.6641597221253392,
        -0.22349951778309335
      ],
      "cam_t_m2c": [
        -139.87992883354457,
        -165.83033263095706,
        808.4016790240197
      ],
      "obj_id": 52
    },
    {
      "cam_R_m2c": [
        -0.48074697257331733,
        -0.04356931088433333,
        0.8757762599179276,
        -0.8738570447712569,
        0.10638454421353277,
        -0.4744008751314753,
        -0.07249974976407869,
        -0.9933700430469617,
        -0.08921740177186088
      ],
      "cam_t_m2c": [
        292.0531554500718,
        146.74883948930207,
        834.8586926858544
      ],
      "obj_id": 52
    },
    {
      "cam_R_m2c": [
        0.06429852009786224,
        0.6176375128825334,
        0.783830081790233,
        0.3007782957772218,
        0.7369350622332882,
        -0.6053586715432717,
        -0.9515241030989489,
        0.2746827507644426,
        -0.1383881290747701
      ],
      "cam_t_m2c": [
        48.8446197666585,
        43.87812883584698,
        832.1215129708644
      ],
      "obj_id": 52
    },
    {
      "cam_R_m2c": [
        -0.525803823742226,
        -0.849930867185293,
        -0.033879991489333364,
        -0.17153144506080711,
        0.14496053149054183,
        -0.9744554365906904,
        0.8331310253285232,
        -0.5065609146602083,
        -0.2220106785059471
      ],
      "cam_t_m2c": [
        -72.0157585606091,
        -179.45393112081774,
        802.4787914034547
      ],
      "obj_id": 50
    },
    {
      "cam_R_m2c": [
        -0.3135437817062906,
        0.9481527657460661,
        -0.05192903368129706,
        0.9388017900652265,
        0.31773687190550043,
        0.1330205626554431,
        0.14262359083095708,
        -0.0070432950262713165,
        -0.9897519430550732
      ],
      "cam_t_m2c": [
        185.78213271328133,
        -40.664686006827594,
        809.2333342196262
      ],
      "obj_id": 50
    },
    {
      "cam_R_m2c": [
        -0.43158898380552096,
        0.8955887647064467,
        -0.1079430742129047,
        -0.15610611375107322,
        0.043704905994150264,
        0.9867728984543009,
        0.8884603725856016,
        0.4427308905829707,
        0.12094433272192395
      ],
      "cam_t_m2c": [
        -270.881808452785,
        32.701769762228224,
        835.3043822953557
      ],
      "obj_id": 50
    },
    {
      "cam_R_m2c": [
        -9.920418455962483e-05,
        0.713593652954754,
        -0.7005594005653832,
        0.15301882528687738,
        -0.6922982739306149,
        -0.7052004949948902,
        -0.9882232709090327,
        -0.10726873347188842,
        -0.10912457929824385
      ],
      "cam_t_m2c": [
        141.7635058496707,
        44.10919599631458,
        854.440272848843
      ],
      "obj_id": 72
    },
    {
      "cam_R_m2c": [
        0.02043271384885695,
        0.9568812821821068,
        -0.2897586955867361,
        -0.061583718823894656,
        0.29047343880944093,
        0.9548989578933997,
        0.9978927520420511,
        -0.0016667584678106279,
        0.06486348120553208
      ],
      "cam_t_m2c": [
        -78.93646777821564,
        116.75592099813018,
        869.9074801042495
      ],
      "obj_id": 72
    },
    {
      "cam_R_m2c": [
        0.03663742950113392,
        0.825146081743219,
        0.5637295700788938,
        -0.0682061198945458,
        -0.5607281356984373,
        0.8251855952780506,
        0.9969983098961955,
        -0.0686824908317267,
        0.035736377035713376
      ],
      "cam_t_m2c": [
        167.86893233280375,
        138.811572337751,
        865.6054437382777
      ],
      "obj_id": 72
    },
    {
      "cam_R_m2c": [
        -0.5699711491197982,
        -0.7180988635384673,
        -0.399333075538475,
        0.20367854196817609,
        0.34735739182420566,
        -0.9153457730307181,
        0.7960200640943251,
        -0.6030562670422634,
        -0.05172236722307175
      ],
      "cam_t_m2c": [
        -90.4261111254615,
        33.12948289007707,
        798.9980891548867
      ],
      "obj_id": 28
    },
    {
      "cam_R_m2c": [
        0.10480285491795267,
        0.400608515494667,
        -0.9102357788483557,
        0.13840598982373672,
        0.9004933735002302,
        0.4122565422430296,
        0.9848147792082618,
        -0.16918774915945806,
        0.038927660592564195
      ],
      "cam_t_m2c": [
        82.75966102448592,
        -113.58296909044986,
        786.2740620130362
      ],
      "obj_id": 28
    },
    {
      "cam_R_m2c": [
        -0.21591273196614766,
        -0.9720062265388404,
        -0.09265841871234463,
        -0.18444248296744287,
        0.13378976432603137,
        -0.9736946441659262,
        0.9588340129392589,
        -0.19314292724099877,
        -0.20816616186921505
      ],
      "cam_t_m2c": [
        290.8648086175731,
        -62.24305523350915,
        787.2523361608448
      ],
      "obj_id": 28
    }
  ],
  "13": [
    {
      "cam_R_m2c": [
        -0.22850248116013006,
        0.9580063951217603,
        0.1732349772659274,
        0.030824666075968864,
        -0.17073407181736464,
        0.9848348632304356,
        0.9730552212516448,
        0.2303771167267003,
        0.009482937575264777
      ],
      "cam_t_m2c": [
        220.50270814056734,
        39.14773557518541,
        801.8291510245244
      ],
      "obj_id": 66
    },
    {
      "cam_R_m2c": [
        0.1596865173178114,
        0.8999300165787546,
        0.40574151280128024,
        0.04434982924849593,
        -0.4171408950947664,
        0.9077590852616072,
        0.9861710376292656,
        -0.12696232446910663,
        -0.10652351602537104
      ],
      "cam_t_m2c": [
        97.82940301600598,
        106.06835778533733,
        802.6526930374787
      ],
      "obj_id": 60
    },
    {
      "cam_R_m2c": [
        -0.5677361550261328,
        0.13530457298984316,
        0.8120149781248243,
        -0.055003470770961335,
        -0.9904306621857762,
        0.1265769024790253,
        0.8213709751381117,
        0.027198636829628274,
        0.56974552384115
      ],
      "cam_t_m2c": [
        -244.06488724905086,
        102.13732352337246,
        846.2874732504355
      ],
      "obj_id": 60
    },
    {
      "cam_R_m2c": [
        -0.3023622895905934,
        0.9457976935495729,
        -0.11850638260116676,
        -0.6673665880621436,
        -0.12128335686467277,
        0.7347871631968931,
        0.6805871560069506,
        0.3012591314231394,
        0.6678653046869456
      ],
      "cam_t_m2c": [
        38.69092217732535,
        -66.79397925711024,
        746.9602701036454
      ],
      "obj_id": 60
    },
    {
      "cam_R_m2c": [
        0.7749330631599683,
        -0.6293691790949859,
        -0.05807906717077908,
        -0.08521072157649458,
        -0.012980757207270831,
        -0.9962783865610175,
        0.6262730069349346,
        0.776998029066736,
        -0.0636882253561703
      ],
      "cam_t_m2c": [
        -155.33891501554007,
        -183.4058524766257,
        861.1113722058209
      ],
      "obj_id": 52
    },
    {
      "cam_R_m2c": [
        -0.4662223728938984,
        -0.1923304389001296,
        0.8635077854760218,
        -0.8745358069442232,
        -0.04710338494897626,
        -0.48266799281844763,
        0.13350587949292544,
        -0.9801990986259368,
        -0.14623920890616993
      ],
      "cam_t_m2c": [
        268.55260527635016,
        129.4375158791604,
        774.9899031769269
      ],
      "obj_id": 52
    },
    {
      "cam_R_m2c": [
        -0.08390251493924773,
        0.634567319452569,
        0.7682998631754943,
        0.15138262007554926,
        0.7701863535701582,
        -0.619593635897321,
        -0.984907952106652,
        0.06432178753163596,
        -0.16068304024166846
      ],
      "cam_t_m2c": [
        30.00948736447529,
        27.41767356967962,
        824.2788447980952
      ],
      "obj_id": 52
    },
    {
      "cam_R_m2c": [
        -0.3928469481072687,
        -0.918541154108993,
        -0.04419748155402961,
        -0.04170271176015414,
        0.06580644549217793,
        -0.9969605737245752,
        0.9186578062827123,
        -0.38980976697958025,
        -0.06415752358911889
      ],
      "cam_t_m2c": [
        -88.80419275835945,
        -197.79159987150473,
        847.2401916223098
      ],
      "obj_id": 50
    },
    {
      "cam_R_m2c": [
        -0.31024471696752504,
        0.9292369978001158,
        -0.2006659244672221,
        0.9496401745029739,
        0.31268906892614046,
        -0.020225643100765262,
        0.04395163175181964,
        -0.19683532027861445,
        -0.9794509250828738
      ],
      "cam_t_m2c": [
        163.94276189043813,
        -59.66516769381538,
        794.250600349908
      ],
      "obj_id": 50
    },
    {
      "cam_R_m2c": [
        -0.29186316020812864,
        0.9499681209916931,
        -0.11124953263390522,
        -0.018001332251186743,
        0.11083741564205522,
        0.9936755054437253,
        0.9562906742693836,
        0.29201991587308984,
        -0.015248661089037656
      ],
      "cam_t_m2c": [
        -285.39723821042116,
        16.93355391860468,
        876.8973902298286
      ],
      "obj_id": 50
    },
    {
      "cam_R_m2c": [
        -0.14964691694275956,
        0.7054266137376827,
        -0.6928048003688847,
        -0.00024109148954058399,
        -0.7007209875113729,
        -0.713434945110018,
        -0.9887394739780272,
        -0.10659630880502224,
        0.10503081461279846
      ],
      "cam_t_m2c": [
        125.1772712273463,
        31.045475924734433,
        832.1548709900082
      ],
      "obj_id": 72
    },
    {
      "cam_R_m2c": [
        0.16910566382181924,
        0.939280925427967,
        -0.298586703820735,
        0.09207332485178893,
        0.2865697328149466,
        0.9536245007628363,
        0.9812878135437834,
        -0.18875517625246352,
        -0.0380221425481763
      ],
      "cam_t_m2c": [
        -92.40342054689025,
        105.25441702296072,
        869.261948249083
      ],
      "obj_id": 72
    },
    {
      "cam_R_m2c": [
        0.1851462494427248,
